image_width: 968
image_height: 608
camera_name: archaeo_cam
camera_matrix:
  rows: 3
  cols: 3
  data: [543.3327734182214, 0.000000, 489.02536042247897, 0.000000, 542.398772982566, 305.38727712002805, 0.000000, 0.000000, 1.000000]
distortion_model: radtan
distortion_coefficients:
  rows: 1
  cols: 4
  data: [-0.1255945656257394, 0.053221287232781606, 9.94070021080493e-05, 9.550660927242349e-05]
rectification_matrix:
  rows: 3
  cols: 3
  data: [1.000000, 0.000000, 0.000000, 0.000000, 1.000000, 0.000000, 0.000000, 0.000000, 1.000000]
projection_matrix:
  rows: 3
  cols: 4
  data: [543.3327734182214, 0.000000,489.02536042247897, 0.000000, 0.000000, 542.398772982566, 305.38727712002805, 0.000000, 0.000000, 0.000000, 1.000000, 0.000000]



#cam0:
#  cam_overlaps: []
#  camera_model: pinhole
#  distortion_coeffs: [-0.1255945656257394, 0.053221287232781606, 9.94070021080493e-05, 9.550660927242349e-05]
#  distortion_model: radtan
#  intrinsics: [543.3327734182214, 542.398772982566, 489.02536042247897, 305.38727712002805]
#  resolution: [968, 608]
#  rostopic: /camera/image_raw
